[-01] K     24042.712339:          1                0               0                0
[-01] K     24042.712348:          1                0               0                0
[-01] K     24042.712352:          1                0               0                0
[-01] K     24042.712369:        138                0               0                0
[-01] K     24042.713269:      38075                0               0                0
[-01] K     24042.769803:    2438521                0               0                0
[-01] K     24042.798000:    1207281                0               0                0
[-01] K     24042.815427:     732038                0               0                0
[-01] K     24042.839921:     600354                0               0                0
[-01] K     24042.856626:     399792                0               0                0
[-01] K     24042.877226:     339885                0               0                0
[-01] K     24042.894168:     242852                0               0                0
[-01] K     24042.908448:     199839                0               0                0
[-01] K     24042.922611:     180042                0               0                0
[-01] K     24042.940387:     162077                0               0                0
[-01] K     24042.953907:     131854                0               0                0
[-01] K     24042.969989:     114072                0               0                0
[-01] K     24042.983159:      97048                0               0                0
[-01] K     24042.999017:      88699                0               0                0
[-01] K     24043.007475:      76479                0               0                0
[-01] K     24043.009343:      69052                0               0                0
[-01] K     24043.011953:      95034                0               0                0
[-01] K     24043.015970:     146090                0               0                0
[-01] K     24043.021509:     217374                0               0                0
[-01] K     24043.028674:     286128                0               0                0
[-01] K     24043.036798:     324162                0               0                0
[-01] K     24043.046093:     352698                0               0                0
[-01] K     24043.054976:     366839                0               0                0
[-01] K     24043.063711:     370862                0               0                0
[-01] K     24043.072723:     382359                0               0                0
[-01] K     24043.082149:     391369                0               0                0
[-01] K     24043.091828:     398775                0               0                0
[-01] K     24043.101517:     400796                0               0                0
[-01] K     24043.111146:     403750                0               0                0
[-01] K     24043.120832:     406387                0               0                0
[-01] K     24043.130594:     408346                0               0                0
[-01] K     24043.140367:     410455                0               0                0
[-01] K     24043.150173:     411715                0               0                0
[-01] K     24043.160012:     413094                0               0                0
[-01] K     24043.169878:     413966                0               0                0
[-01] K     24043.179710:     414330                0               0                0
[-01] K     24043.189559:     414848                0               0                0
[-01] K     24043.199489:     415780                0               0                0
[-01] K     24043.209415:     416122                0               0                0
[-01] K     24043.219259:     415351                0               0                0
[-01] K     24043.229137:     415739                0               0                0
[-01] K     24043.239046:     416135                0               0                0
[-01] K     24043.248889:     416057                0               0                0
[-01] K     24043.258803:     416325                0               0                0
[-01] K     24043.268737:     416677                0               0                0
[-01] K     24043.278666:     416417                0               0                0
[-01] K     24043.288513:     416016                0               0                0
[-01] K     24043.298375:     416117                0               0                0
[-01] K     24043.308257:     417032                0               0                0
[-01] K     24043.318304:     416914                0               0                0
[-01] K     24043.328112:     415547                0               0                0
[-01] K     24043.338003:     416374                0               0                0
[-01] K     24043.347844:     417126                0               0                0
[-01] K     24043.357708:     417293                0               0                0
[-01] K     24043.367588:     417992                0               0                0
[-01] K     24043.377519:     418020                0               0                0
[-01] K     24043.387337:     417869                0               0                0
[-01] K     24043.397230:     418697                0               0                0
[-01] K     24043.407148:     418858                0               0                0
[-01] K     24043.417049:     418905                0               0                0
[-01] U     24043.426948:     418341                0               0                0
[-01] K     24043.436842:     418782                0               0                0
[-01] K     24043.446789:     418864                0               0                0
[-01] K     24043.456645:     418560                0               0                0
[-01] K     24043.466525:     418690                0               0                0
[-01] K     24043.476405:     419002                0               0                0
[-01] K     24043.486319:     419315                0               0                0
[-01] K     24043.496203:     419288                0               0                0
[-01] K     24043.506126:     419291                0               0                0
[-01] K     24043.516043:     419205                0               0                0
[-01] K     24043.525968:     418904                0               0                0
[-01] K     24043.535846:     418781                0               0                0
[-01] K     24043.545777:     419018                0               0                0
[-01] K     24043.555673:     418818                0               0                0
[-01] K     24043.565567:     418823                0               0                0
[-01] K     24043.575433:     418973                0               0                0
[-01] K     24043.585319:     419119                0               0                0
[-01] K     24043.595242:     419619                0               0                0
[-01] K     24043.605174:     419279                0               0                0
[-01] K     24043.615057:     418877                0               0                0
[-01] K     24043.624973:     419191                0               0                0
[-01] K     24043.634921:     418928                0               0                0
[-01] K     24043.644850:     418432                0               0                0
[-01] K     24043.654760:     418034                0               0                0
[-01] K     24043.664678:     417967                0               0                0
[-01] K     24043.674581:     418124                0               0                0
[-01] K     24043.684233:     417776                0               0                0
[-01] K     24043.694187:     419910                0               0                0
[-01] K     24043.704177:     420105                0               0                0
[-01] K     24043.714126:     419071                0               0                0
[-01] K     24043.724038:     418522                0               0                0
[-01] K     24043.734026:     418358                0               0                0
[-01] K     24043.743942:     417767                0               0                0
[-01] K     24043.753881:     417300                0               0                0
[-01] K     24043.763746:     416887                0               0                0
[-01] K     24043.773674:     417083                0               0                0
[-01] K     24043.783561:     416969                0               0                0
[-01] K     24043.793475:     416993                0               0                0
[-01] K     24043.803393:     417032                0               0                0
[-01] K     24043.813352:     416638                0               0                0
[-01] K     24043.823259:     416165                0               0                0
[-01] K     24043.833132:     416151                0               0                0
[-01] K     24043.853920:     416260                0               0                0
[-01] K     24043.866866:     315331                0               0                0
[-01] K     24043.882952:     288558                0               0                0
[-01] K     24043.899912:     244958                0               0                0
[-01] K     24043.915302:     206289                0               0                0
[-01] K     24043.927570:     174456                0               0                0
[-01] K     24043.943164:     161618                0               0                0
[-01] K     24043.958052:     141476                0               0                0
[-01] K     24043.972404:     121959                0               0                0
[-01] K     24043.987490:     108602                0               0                0
[-01] K     24044.000163:      92256                0               0                0
[-01] K     24044.015105:      86559                0               0                0
[-01] K     24044.020717:      74698                0               0                0
[-01] K     24044.022692:      70728                0               0                0
[-01] K     24044.025320:      94982                0               0                0
[-01] K     24044.029938:     169612                0               0                0
[-01] K     24044.036141:     244897                0               0                0
[-01] K     24044.043562:     293409                0               0                0
[-01] K     24044.051922:     333001                0               0                0
[-01] K     24044.060938:     357834                0               0                0
[-01] K     24044.070095:     366224                0               0                0
[-01] K     24044.078927:     374972                0               0                0
[-01] K     24044.088004:     385462                0               0                0
[-01] K     24044.097307:     393706                0               0                0
[-01] K     24044.106771:     402338                0               0                0
[-01] K     24044.116298:     406470                0               0                0
[-01] K     24044.125836:     409762                0               0                0
[-01] K     24044.135515:     415099                0               0                0
[-01] K     24044.145253:     417337                0               0                0
[-01] K     24044.155011:     419774                0               0                0
[-01] K     24044.164821:     421342                0               0                0
[-01] K     24044.174724:     421996                0               0                0
[-01] K     24044.184531:     422365                0               0                0
[-01] K     24044.194409:     423008                0               0                0
[-01] K     24044.204526:     423977                0               0                0
[-01] K     24044.214591:     421871                0               0                0
[-01] K     24044.224550:     419647                0               0                0
[-01] K     24044.234515:     418990                0               0                0
[-01] K     24044.244466:     418180                0               0                0
[-01] K     24044.254423:     417669                0               0                0
[-01] K     24044.264349:     417118                0               0                0
[-01] K     24044.274329:     416826                0               0                0
[-01] K     24044.284257:     416265                0               0                0
[-01] K     24044.294158:     415680                0               0                0
[-01] K     24044.303999:     415637                0               0                0
[-01] K     24044.313886:     416178                0               0                0
[-01] K     24044.323740:     416600                0               0                0
[-01] K     24044.333721:     416813                0               0                0
[-01] U     24044.343713:     417330                0               0                0
[-01] K     24044.353582:     415065                0               0                0
[-01] K     24044.363427:     415770                0               0                0
[-01] K     24044.373295:     416332                0               0                0
[-01] K     24044.383202:     416830                0               0                0
[-01] K     24044.393073:     416913                0               0                0
[-01] K     24044.402979:     416671                0               0                0
[-01] K     24044.412836:     416924                0               0                0
[-01] K     24044.422735:     417153                0               0                0
[-01] K     24044.432600:     417460                0               0                0
[-01] K     24044.442458:     417667                0               0                0
[-01] K     24044.452348:     418555                0               0                0
[-01] K     24044.462307:     418481                0               0                0
[-01] K     24044.472180:     418048                0               0                0
[-01] K     24044.482048:     418235                0               0                0
[-01] K     24044.491946:     418644                0               0                0
[-01] K     24044.501836:     418801                0               0                0
[-01] K     24044.511731:     419012                0               0                0
[-01] K     24044.521649:     418916                0               0                0
[-01] K     24044.531541:     418944                0               0                0
[-01] K     24044.541483:     418775                0               0                0
[-01] K     24044.551358:     418551                0               0                0
[-01] K     24044.561258:     418833                0               0                0
[-01] K     24044.571155:     419164                0               0                0
[-01] K     24044.581026:     418778                0               0                0
[-01] K     24044.590928:     419139                0               0                0
[-01] K     24044.600888:     419329                0               0                0
[-01] K     24044.610807:     419014                0               0                0
[-01] K     24044.620693:     418440                0               0                0
[-01] K     24044.630625:     418708                0               0                0
[-01] K     24044.640564:     418404                0               0                0
[-01] K     24044.650545:     417867                0               0                0
[-01] K     24044.660482:     417362                0               0                0
[-01] K     24044.670415:     416546                0               0                0
[-01] K     24044.680251:     416636                0               0                0
[-01] K     24044.690122:     416727                0               0                0
[-01] K     24044.699975:     417469                0               0                0
[-01] K     24044.709635:     417180                0               0                0
[-01] K     24044.719595:     420746                0               0                0
[-01] K     24044.729592:     420126                0               0                0
[-01] K     24044.739529:     419084                0               0                0
[-01] K     24044.749495:     418326                0               0                0
[-01] K     24044.759396:     417774                0               0                0
[-01] K     24044.769297:     417749                0               0                0
[-01] K     24044.779248:     417792                0               0                0
[-01] K     24044.789207:     417640                0               0                0
[-01] K     24044.799158:     416641                0               0                0
[-01] K     24044.809045:     416286                0               0                0
[-01] K     24044.818988:     416110                0               0                0
[-01] K     24044.828855:     415573                0               0                0
[-01] K     24044.838770:     415839                0               0                0
[-01] K     24044.857811:     415807                0               0                0
[-01] K     24044.867907:     316851                0               0                0
[-01] K     24044.882546:     313323                0               0                0
[-01] K     24044.900246:     279491                0               0                0
[-01] K     24044.915362:     227800                0               0                0
[-01] K     24044.930379:     193518                0               0                0
[-01] K     24044.942399:     169364                0               0                0
[-01] K     24044.958019:     158914                0               0                0
[-01] K     24044.973200:     131503                0               0                0
[-01] K     24044.986958:     114966                0               0                0
[-01] K     24045.002346:     106339                0               0                0
[-01] K     24045.016159:      90648                0               0                0
[-01] K     24045.030316:      83538                0               0                0
[-01] K     24045.032157:      69392                0               0                0
[-01] K     24045.034052:      69392                0               0                0
[-01] K     24045.037676:     131462                0               0                0
[-01] K     24045.043481:     220914                0               0                0
[-01] K     24045.051054:     280810                0               0                0
[-01] K     24045.059180:     319958                0               0                0
[-01] K     24045.067972:     345915                0               0                0
[-01] K     24045.076844:     356130                0               0                0
[-01] K     24045.085635:     363992                0               0                0
[-01] K     24045.094800:     379140                0               0                0
[-01] K     24045.104134:     386282                0               0                0
[-01] K     24045.113598:     391692                0               0                0
[-01] K     24045.123190:     397817                0               0                0
[-01] K     24045.132715:     400796                0               0                0
[-01] K     24045.142356:     404021                0               0                0
[-01] K     24045.152007:     407769                0               0                0
[-01] K     24045.161736:     410045                0               0                0
[-01] K     24045.171536:     412678                0               0                0
[-01] K     24045.181374:     413530                0               0                0
[-01] K     24045.191207:     414663                0               0                0
[-01] K     24045.201087:     415283                0               0                0
[-01] K     24045.211009:     415707                0               0                0
[-01] K     24045.220814:     415713                0               0                0
[-01] K     24045.230472:     415225                0               0                0
[-01] K     24045.240185:     418964                0               0                0
[-01] K     24045.249994:     420771                0               0                0
[-01] K     24045.259795:     422479                0               0                0
[-01] K     24045.269590:     423406                0               0                0
[-01] U     24045.279412:     424826                0               0                0
[-01] K     24045.289322:     425610                0               0                0
[-01] K     24045.299171:     425739                0               0                0
[-01] K     24045.309114:     426082                0               0                0
[-01] K     24045.319276:     426239                0               0                0
[-01] K     24045.329292:     423404                0               0                0
[-01] K     24045.339278:     421654                0               0                0
[-01] K     24045.349263:     420825                0               0                0
[-01] K     24045.359399:     419704                0               0                0
[-01] K     24045.369328:     419037                0               0                0
[-01] K     24045.379191:     417001                0               0                0
[-01] K     24045.389101:     417463                0               0                0
[-01] K     24045.399021:     417223                0               0                0
[-01] K     24045.408881:     417239                0               0                0
[-01] K     24045.418769:     417122                0               0                0
[-01] K     24045.428672:     417728                0               0                0
[-01] K     24045.438552:     417780                0               0                0
[-01] K     24045.448418:     417810                0               0                0
[-01] K     24045.458373:     418413                0               0                0
[-01] K     24045.468302:     417789                0               0                0
[-01] K     24045.478159:     417488                0               0                0
[-01] K     24045.488056:     418039                0               0                0
[-01] K     24045.497943:     418074                0               0                0
[-01] K     24045.507854:     418520                0               0                0
[-01] K     24045.517752:     418168                0               0                0
[-01] K     24045.527627:     418278                0               0                0
[-01] K     24045.537607:     418524                0               0                0
[-01] K     24045.547458:     417663                0               0                0
[-01] K     24045.557366:     417886                0               0                0
[-01] K     24045.567275:     418126                0               0                0
[-01] K     24045.577176:     418061                0               0                0
[-01] K     24045.587063:     418041                0               0                0
[-01] K     24045.596939:     418274                0               0                0
[-01] K     24045.606900:     418468                0               0                0
[-01] K     24045.616753:     418199                0               0                0
[-01] K     24045.626642:     418249                0               0                0
[-01] K     24045.636507:     418832                0               0                0
[-01] K     24045.646484:     418809                0               0                0
[-01] K     24045.656381:     418452                0               0                0
[-01] K     24045.666284:     418126                0               0                0
[-01] K     24045.676175:     418172                0               0                0
[-01] K     24045.686113:     418125                0               0                0
[-01] K     24045.696014:     417892                0               0                0
[-01] K     24045.705936:     417897                0               0                0
[-01] K     24045.715744:     417666                0               0                0
[-01] K     24045.725445:     418478                0               0                0
[-01] K     24045.735183:     421139                0               0                0
[-01] K     24045.744967:     422575                0               0                0
[-01] K     24045.754823:     423639                0               0                0
[-01] K     24045.764654:     424680                0               0                0
[-01] K     24045.774542:     425219                0               0                0
[-01] K     24045.784386:     425717                0               0                0
[-01] K     24045.794300:     426134                0               0                0
[-01] K     24045.804226:     426218                0               0                0
[-01] K     24045.814242:     425723                0               0                0
[-01] K     24045.824383:     424895                0               0                0
[-01] K     24045.834464:     422669                0               0                0
[-01] K     24045.844443:     420174                0               0                0
[-01] K     24045.855441:     419161                0               0                0
[-01] K     24045.875514:     418255                0               0                0
[-01] K     24045.889528:     316803                0               0                0
[-01] K     24045.905520:     280473                0               0                0
[-01] K     24045.921001:     235280                0               0                0
[-01] K     24045.937177:     205277                0               0                0
[-01] K     24045.949486:     169616                0               0                0
[-01] K     24045.963896:     158697                0               0                0
[-01] K     24045.980199:     144144                0               0                0
[-01] K     24045.993501:     122479                0               0                0
[-01] K     24046.009503:     106470                0               0                0
[-01] K     24046.022630:      90309                0               0                0
[-01] K     24046.037544:      83601                0               0                0
[-01] K     24046.041377:      71418                0               0                0
[-01] K     24046.043634:      82319                0               0                0
[-01] K     24046.046355:      98604                0               0                0
[-01] K     24046.050896:     167748                0               0                0
[-01] K     24046.056981:     240414                0               0                0
[-01] K     24046.064324:     289169                0               0                0
[-01] K     24046.082135:     354286                0               0                0
[-01] K     24046.090959:     362865                0               0                0
[-01] K     24046.099956:     372608                0               0                0
[-01] K     24046.109206:     381320                0               0                0
[-01] K     24046.118626:     390859                0               0                0
[-01] K     24046.128151:     395129                0               0                0
[-01] K     24046.137672:     398833                0               0                0
[-01] K     24046.147268:     403878                0               0                0
[-01] K     24046.156923:     407145                0               0                0
[-01] K     24046.166657:     409203                0               0                0
[-01] K     24046.176429:     411651                0               0                0
[-01] K     24046.186265:     412884                0               0                0
[-01] K     24046.196060:     414020                0               0                0
[-01] K     24046.205963:     414928                0               0                0
[-01] K     24046.215799:     415423                0               0                0
[-01] K     24046.225680:     415837                0               0                0
[-01] K     24046.235480:     416258                0               0                0
[-01] K     24046.245363:     417048                0               0                0
[-01] K     24046.255059:     417767                0               0                0
[-01] K     24046.264782:     420589                0               0                0
[-01] K     24046.274576:     421417                0               0                0
[-01] K     24046.284383:     423270                0               0                0
[-01] K     24046.294263:     424016                0               0                0
[-01] K     24046.304109:     424648                0               0                0
[-01] K     24046.313946:     424961                0               0                0
[-01] K     24046.323750:     425971                0               0                0
[-01] K     24046.333610:     426809                0               0                0
[-01] K     24046.343478:     427729                0               0                0
[-01] K     24046.353368:     428063                0               0                0
[-01] K     24046.363223:     428345                0               0                0
[-01] K     24046.373097:     428867                0               0                0
[-01] K     24046.383180:     428816                0               0                0
[-01] K     24046.393072:     429160                0               0                0
[-01] K     24046.402983:     426860                0               0                0
[-01] K     24046.412814:     427052                0               0                0
[-01] K     24046.422654:     427621                0               0                0
[-01] K     24046.432505:     428540                0               0                0
[-01] K     24046.442423:     428839                0               0                0
[-01] K     24046.452286:     429039                0               0                0
[-01] K     24046.462185:     429233                0               0                0
[-01] K     24046.472093:     429559                0               0                0
[-01] K     24046.482189:     429610                0               0                0
[-01] K     24046.492271:     427321                0               0                0
[-01] K     24046.502315:     425404                0               0                0
[-01] K     24046.512327:     423495                0               0                0
[-01] K     24046.522295:     422441                0               0                0
[-01] K     24046.532241:     421373                0               0                0
[-01] K     24046.542249:     421060                0               0                0
[-01] K     24046.552185:     420225                0               0                0
[-01] K     24046.562094:     419396                0               0                0
[-01] K     24046.571978:     419380                0               0                0
[-01] K     24046.581942:     419474                0               0                0
[-01] K     24046.591850:     418910                0               0                0
[-01] K     24046.601772:     418679                0               0                0
[-01] K     24046.611633:     418453                0               0                0
[-01] K     24046.621538:     418674                0               0                0
[-01] K     24046.631380:     418952                0               0                0
[-01] K     24046.641285:     419507                0               0                0
[-01] K     24046.651205:     419666                0               0                0
[-01] K     24046.661184:     419739                0               0                0
[-01] K     24046.671118:     418505                0               0                0
[-01] K     24046.681046:     418325                0               0                0
[-01] K     24046.690941:     417770                0               0                0
[-01] K     24046.700839:     418116                0               0                0
[-01] K     24046.710733:     417741                0               0                0
[-01] K     24046.720642:     418167                0               0                0
[-01] K     24046.730531:     417867                0               0                0
[-01] K     24046.740421:     418075                0               0                0
[-01] K     24046.750329:     418171                0               0                0
[-01] K     24046.760224:     418347                0               0                0
[-01] K     24046.770131:     418408                0               0                0
[-01] K     24046.779998:     418292                0               0                0
[-01] K     24046.789885:     418423                0               0                0
[-01] K     24046.799852:     418828                0               0                0
[-01] K     24046.809810:     418063                0               0                0
[-01] K     24046.819693:     417480                0               0                0
[-01] K     24046.829630:     417541                0               0                0
[-01] K     24046.839545:     417760                0               0                0
[-01] K     24046.849456:     417031                0               0                0
[-01] K     24046.859348:     417180                0               0                0
[-01] K     24046.879272:     417117                0               0                0
[-01] K     24046.891524:     318425                0               0                0
[-01] K     24046.907454:     301230                0               0                0
[-01] K     24046.924785:     261010                0               0                0
[-01] K     24046.940292:     210776                0               0                0
[-01] K     24046.953618:     180905                0               0                0
[-01] K     24046.967644:     162291                0               0                0
[-01] K     24046.983536:     150962                0               0                0
[-01] K     24046.997173:     124380                0               0                0
[-01] K     24047.010955:     110024                0               0                0
[-01] K     24047.026833:      98428                0               0                0
[-01] K     24047.039820:      85940                0               0                0
[-01] K     24047.048348:      79863                0               0                0
[-01] K     24047.050328:      71902                0               0                0
[-01] K     24047.052736:      88135                0               0                0
[-01] K     24047.056364:     132207                0               0                0
[-01] K     24047.061647:     205717                0               0                0
[-01] K     24047.068653:     279991                0               0                0
[-01] K     24047.077182:     321081                0               0                0
[-01] K     24047.085996:     350912                0               0                0
[-01] K     24047.094764:     360971                0               0                0
[-01] K     24047.103484:     371143                0               0                0
[-01] K     24047.112469:     382810                0               0                0
[-01] K     24047.121733:     391846                0               0                0
[-01] K     24047.131221:     401131                0               0                0
[-01] U     24047.140964:     405706                0               0                0
[-01] K     24047.150657:     406963                0               0                0
[-01] K     24047.160398:     409737                0               0                0
[-01] K     24047.170181:     411102                0               0                0
[-01] K     24047.179997:     413014                0               0                0
[-01] K     24047.189848:     413622                0               0                0
[-01] K     24047.199704:     414972                0               0                0
[-01] K     24047.209600:     414932                0               0                0
[-01] K     24047.219423:     415270                0               0                0
[-01] K     24047.229350:     415941                0               0                0
[-01] K     24047.238961:     415839                0               0                0
[-01] K     24047.248668:     418627                0               0                0
[-01] K     24047.258401:     420574                0               0                0
[-01] K     24047.268189:     423002                0               0                0
[-01] K     24047.278016:     424124                0               0                0
[-01] K     24047.287860:     425331                0               0                0
[-01] K     24047.297751:     425752                0               0                0
[-01] K     24047.307601:     426656                0               0                0
[-01] K     24047.317454:     426672                0               0                0
[-01] K     24047.327338:     427471                0               0                0
[-01] K     24047.337209:     427483                0               0                0
[-01] K     24047.347071:     428007                0               0                0
[-01] K     24047.356942:     428313                0               0                0
[-01] K     24047.367085:     428624                0               0                0
[-01] K     24047.377174:     426090                0               0                0
[-01] K     24047.387211:     423776                0               0                0
[-01] K     24047.397174:     422317                0               0                0
[-01] K     24047.407343:     421499                0               0                0
[-01] K     24047.417279:     420615                0               0                0
[-01] K     24047.427139:     418255                0               0                0
[-01] K     24047.436975:     418605                0               0                0
[-01] K     24047.446915:     418907                0               0                0
[-01] K     24047.456775:     419036                0               0                0
[-01] K     24047.466690:     419112                0               0                0
[-01] K     24047.476586:     419102                0               0                0
[-01] K     24047.486487:     419151                0               0                0
[-01] K     24047.496374:     419200                0               0                0
[-01] K     24047.506258:     419309                0               0                0
[-01] K     24047.516155:     419609                0               0                0
[-01] K     24047.526058:     419732                0               0                0
[-01] K     24047.535889:     419739                0               0                0
[-01] K     24047.545584:     419913                0               0                0
[-01] K     24047.555374:     422930                0               0                0
[-01] K     24047.565108:     424032                0               0                0
[-01] K     24047.575090:     425270                0               0                0
[-01] K     24047.585140:     425124                0               0                0
[-01] K     24047.595117:     423322                0               0                0
[-01] K     24047.605097:     422374                0               0                0
[-01] K     24047.615072:     422052                0               0                0
[-01] K     24047.625029:     420958                0               0                0
[-01] K     24047.634964:     420432                0               0                0
[-01] K     24047.644835:     419881                0               0                0
[-01] K     24047.654780:     420106                0               0                0
[-01] K     24047.664731:     419729                0               0                0
[-01] K     24047.674657:     418986                0               0                0
[-01] K     24047.684550:     418877                0               0                0
[-01] K     24047.694503:     418805                0               0                0
[-01] K     24047.704449:     418896                0               0                0
[-01] K     24047.714354:     417963                0               0                0
[-01] K     24047.724231:     417875                0               0                0
[-01] K     24047.734200:     418044                0               0                0
[-01] K     24047.744038:     417380                0               0                0
[-01] K     24047.753910:     417963                0               0                0
[-01] K     24047.763753:     418553                0               0                0
[-01] K     24047.773649:     418906                0               0                0
[-01] K     24047.783602:     419183                0               0                0
[-01] K     24047.793560:     419253                0               0                0
[-01] K     24047.803499:     418058                0               0                0
[-01] K     24047.813437:     418131                0               0                0
[-01] K     24047.823485:     417314                0               0                0
[-01] K     24047.833375:     416979                0               0                0
[-01] K     24047.843252:     415970                0               0                0
[-01] K     24047.853145:     416227                0               0                0
[-01] K     24047.863010:     416320                0               0                0
[-01] K     24047.881446:     416564                0               0                0
[-01] K     24047.891930:     321923                0               0                0
[-01] K     24047.905704:     314556                0               0                0
[-01] K     24047.922628:     280260                0               0                0
[-01] K     24047.939416:     233449                0               0                0
[-01] K     24047.952934:     198208                0               0                0
[-01] K     24047.966136:     175780                0               0                0
[-01] K     24047.981438:     159449                0               0                0
[-01] K     24047.995894:     135976                0               0                0
[-01] K     24048.009262:     124586                0               0                0
[-01] K     24048.025420:     108030                0               0                0
[-01] K     24048.038467:      90364                0               0                0
[-01] K     24048.053678:      83088                0               0                0
[-01] K     24048.057136:      72149                0               0                0
[-01] K     24048.059426:      85681                0               0                0
[-01] K     24048.062322:     105634                0               0                0
[-01] K     24048.067045:     176435                0               0                0
[-01] K     24048.073685:     246393                0               0                0
[-01] K     24048.081369:     306466                0               0                0
[-01] K     24048.089905:     336506                0               0                0
[-01] K     24048.098987:     358770                0               0                0
[-01] K     24048.107816:     365915                0               0                0
[-01] K     24048.116858:     375178                0               0                0
[-01] K     24048.126158:     383584                0               0                0
[-01] K     24048.135636:     392491                0               0                0
[-01] K     24048.145194:     396144                0               0                0
[-01] K     24048.154768:     401044                0               0                0
[-01] K     24048.164384:     404153                0               0                0
[-01] K     24048.174075:     407117                0               0                0
[-01] K     24048.183798:     409979                0               0                0
[-01] K     24048.193603:     411618                0               0                0
[-01] K     24048.203477:     413273                0               0                0
[-01] K     24048.213351:     413284                0               0                0
[-01] K     24048.223152:     413802                0               0                0
[-01] K     24048.232978:     414735                0               0                0
[-01] K     24048.242865:     415511                0               0                0
[-01] K     24048.252731:     415794                0               0                0
[-01] K     24048.262647:     416337                0               0                0
[-01] K     24048.272577:     416146                0               0                0
[-01] K     24048.282475:     416001                0               0                0
[-01] K     24048.292348:     415887                0               0                0
[-01] K     24048.302240:     416140                0               0                0
[-01] K     24048.312145:     416428                0               0                0
[-01] K     24048.322043:     416083                0               0                0
[-01] K     24048.331936:     416392                0               0                0
[-01] K     24048.341832:     416379                0               0                0
[-01] K     24048.351670:     416922                0               0                0
[-01] K     24048.361502:     417038                0               0                0
[-01] K     24048.371353:     418123                0               0                0
[-01] K     24048.381253:     418443                0               0                0
[-01] K     24048.391104:     418721                0               0                0
[-01] K     24048.400984:     419285                0               0                0
[-01] K     24048.410915:     419208                0               0                0
[-01] K     24048.420830:     419276                0               0                0
[-01] K     24048.430901:     418859                0               0                0
[-01] K     24048.440797:     419242                0               0                0
[-01] K     24048.450659:     417036                0               0                0
[-01] K     24048.460543:     418174                0               0                0
[-01] K     24048.470428:     417848                0               0                0
[-01] K     24048.480302:     418101                0               0                0
[-01] K     24048.490207:     418368                0               0                0
[-01] K     24048.500103:     418391                0               0                0
[-01] K     24048.510013:     418357                0               0                0
[-01] K     24048.519878:     418506                0               0                0
[-01] K     24048.529810:     418507                0               0                0
[-01] K     24048.539716:     418464                0               0                0
[-01] K     24048.549588:     418419                0               0                0
[-01] K     24048.559498:     418796                0               0                0
[-01] K     24048.569405:     419016                0               0                0
[-01] K     24048.579305:     418786                0               0                0
[-01] K     24048.589188:     418652                0               0                0
[-01] K     24048.599107:     419043                0               0                0
[-01] K     24048.609023:     418669                0               0                0
[-01] K     24048.618918:     418358                0               0                0
[-01] K     24048.628803:     418537                0               0                0
[-01] K     24048.638750:     418614                0               0                0
[-01] K     24048.648636:     418299                0               0                0
[-01] K     24048.658520:     418413                0               0                0
[-01] K     24048.668435:     418853                0               0                0
[-01] K     24048.678369:     418705                0               0                0
[-01] K     24048.688305:     418270                0               0                0
[-01] K     24048.698248:     418099                0               0                0
[-01] K     24048.708168:     417541                0               0                0
[-01] K     24048.718108:     417040                0               0                0
[-01] K     24048.727962:     417133                0               0                0
[-01] K     24048.737907:     417230                0               0                0
[-01] K     24048.747793:     417146                0               0                0
[-01] K     24048.757688:     416969                0               0                0
[-01] K     24048.767563:     417230                0               0                0
[-01] K     24048.777504:     417262                0               0                0
[-01] K     24048.787362:     417014                0               0                0
[-01] K     24048.797251:     417333                0               0                0
[-01] K     24048.807158:     417616                0               0                0
[-01] K     24048.817144:     417366                0               0                0
[-01] K     24048.827070:     416539                0               0                0
[-01] K     24048.836976:     416266                0               0                0
[-01] K     24048.846924:     416160                0               0                0
[-01] K     24048.856786:     415952                0               0                0
[-01] K     24048.866668:     415887                0               0                0
[-01] K     24048.876559:     416505                0               0                0
[-01] K     24048.893561:     416450                0               0                0
[-01] K     24048.905513:     333081                0               0                0
[-01] K     24048.919402:     316013                0               0                0
[-01] K     24048.936539:     285295                0               0                0
[-01] K     24048.953448:     240256                0               0                0
[-01] K     24048.966823:     190314                0               0                0
[-01] K     24048.980001:     174832                0               0                0
[-01] K     24048.996403:     164035                0               0                0
[-01] K     24049.009975:     137134                0               0                0
[-01] K     24049.023148:     118381                0               0                0
[-01] K     24049.039723:     110637                0               0                0
[-01] K     24049.054621:      92982                0               0                0
[-01] U     24049.069338:      82913                0               0                0
[-01] K     24049.071190:      70282                0               0                0
[-01] K     24049.073138:      70282                0               0                0
[-01] K     24049.076927:     138602                0               0                0
[-01] K     24049.082469:     209311                0               0                0
[-01] K     24049.089539:     278382                0               0                0
[-01] K     24049.098284:     325382                0               0                0
[-01] K     24049.107097:     347387                0               0                0
[-01] K     24049.115944:     357159                0               0                0
[-01] K     24049.124697:     365380                0               0                0
[-01] K     24049.133725:     376508                0               0                0
[-01] K     24049.143015:     389027                0               0                0
[-01] K     24049.152424:     394734                0               0                0
[-01] K     24049.161976:     399467                0               0                0
[-01] K     24049.171514:     404419                0               0                0
[-01] K     24049.181114:     407929                0               0                0
[-01] K     24049.190816:     412151                0               0                0
[-01] K     24049.200580:     414085                0               0                0
[-01] K     24049.210459:     415400                0               0                0
[-01] K     24049.220237:     416143                0               0                0
[-01] K     24049.230082:     417125                0               0                0
[-01] K     24049.239936:     418363                0               0                0
[-01] K     24049.249826:     418547                0               0                0
[-01] K     24049.259687:     418911                0               0                0
[-01] K     24049.269609:     419083                0               0                0
[-01] K     24049.279526:     419229                0               0                0
[-01] K     24049.289398:     419229                0               0                0
[-01] K     24049.299292:     419368                0               0                0
[-01] K     24049.309229:     419438                0               0                0
[-01] K     24049.319143:     418955                0               0                0
[-01] K     24049.329027:     418640                0               0                0
[-01] K     24049.338910:     418725                0               0                0
[-01] K     24049.348808:     419098                0               0                0
[-01] K     24049.358675:     419012                0               0                0
[-01] K     24049.368509:     419480                0               0                0
[-01] K     24049.378376:     420068                0               0                0
[-01] K     24049.388257:     420768                0               0                0
[-01] K     24049.398163:     421207                0               0                0
[-01] K     24049.408075:     421079                0               0                0
[-01] K     24049.417974:     420662                0               0                0
[-01] K     24049.427874:     420939                0               0                0
[-01] K     24049.437755:     420744                0               0                0
[-01] K     24049.447635:     421232                0               0                0
[-01] K     24049.457727:     421253                0               0                0
[-01] K     24049.467531:     419176                0               0                0
[-01] K     24049.477401:     420046                0               0                0
[-01] K     24049.487241:     420551                0               0                0
[-01] K     24049.497161:     421022                0               0                0
[-01] K     24049.507055:     420873                0               0                0
[-01] K     24049.516931:     420875                0               0                0
[-01] K     24049.526796:     421064                0               0                0
[-01] K     24049.536702:     421546                0               0                0
[-01] K     24049.546602:     421419                0               0                0
[-01] K     24049.556476:     421557                0               0                0
[-01] K     24049.566275:     421868                0               0                0
[-01] K     24049.575985:     423244                0               0                0
[-01] K     24049.585733:     424777                0               0                0
[-01] K     24049.595520:     427215                0               0                0
[-01] K     24049.605385:     428221                0               0                0
[-01] K     24049.615222:     428890                0               0                0
[-01] K     24049.625048:     429565                0               0                0
[-01] K     24049.634909:     430062                0               0                0
[-01] K     24049.644783:     430822                0               0                0
[-01] K     24049.654652:     430796                0               0                0
[-01] K     24049.664550:     431401                0               0                0
[-01] K     24049.674454:     431444                0               0                0
[-01] K     24049.684443:     431943                0               0                0
[-01] K     24049.694446:     430730                0               0                0
[-01] K     24049.704425:     429744                0               0                0
[-01] K     24049.714349:     428542                0               0                0
[-01] K     24049.724279:     428090                0               0                0
[-01] K     24049.734200:     428063                0               0                0
[-01] K     24049.744109:     427767                0               0                0
[-01] K     24049.754040:     427854                0               0                0
[-01] K     24049.763907:     427437                0               0                0
[-01] K     24049.773782:     427666                0               0                0
[-01] K     24049.783691:     428125                0               0                0
[-01] K     24049.793586:     428028                0               0                0
[-01] K     24049.803461:     428052                0               0                0
[-01] K     24049.813444:     428301                0               0                0
[-01] K     24049.823406:     427659                0               0                0
[-01] K     24049.833364:     427041                0               0                0
[-01] K     24049.843279:     426221                0               0                0
[-01] K     24049.853205:     425925                0               0                0
[-01] K     24049.863091:     426070                0               0                0
[-01] K     24049.873182:     425818                0               0                0
[-01] K     24049.883254:     423619                0               0                0
[-01] K     24049.902081:     422068                0               0                0
[-01] K     24049.912252:     322423                0               0                0
[-01] K     24049.927157:     325253                0               0                0
[-01] K     24049.944719:     286315                0               0                0
[-01] K     24049.961398:     236534                0               0                0
[-01] K     24049.974700:     188234                0               0                0
[-01] K     24049.987835:     173554                0               0                0
[-01] K     24050.004563:     163001                0               0                0
[-01] K     24050.017975:     134992                0               0                0
[-01] K     24050.033505:     117508                0               0                0
[-01] K     24050.047245:     102306                0               0                0
[-01] K     24050.063079:      91846                0               0                0
[-01] K     24050.074231:      80052                0               0                0
[-01] K     24050.076178:      71778                0               0                0
[-01] K     24050.078141:      71778                0               0                0
[-01] K     24050.081794:     133929                0               0                0
[-01] K     24050.087614:     221977                0               0                0
[-01] K     24050.094767:     281623                0               0                0
[-01] K     24050.103233:     325878                0               0                0
[-01] K     24050.112393:     350400                0               0                0
[-01] K     24050.121337:     359474                0               0                0
[-01] K     24050.130264:     369511                0               0                0
[-01] K     24050.139387:     378884                0               0                0
[-01] K     24050.148740:     386373                0               0                0
[-01] K     24050.158193:     391729                0               0                0
[-01] K     24050.167776:     397956                0               0                0
[-01] K     24050.177317:     400903                0               0                0
[-01] K     24050.186968:     405979                0               0                0
[-01] K     24050.196672:     408127                0               0                0
[-01] K     24050.206471:     409852                0               0                0
[-01] K     24050.216279:     411568                0               0                0
[-01] K     24050.226101:     412645                0               0                0
[-01] K     24050.235930:     413664                0               0                0
[-01] K     24050.245805:     414354                0               0                0
[-01] K     24050.255753:     414750                0               0                0
[-01] K     24050.265665:     414294                0               0                0
[-01] K     24050.275521:     414174                0               0                0
[-01] K     24050.285437:     414635                0               0                0
[-01] K     24050.295319:     414900                0               0                0
[-01] K     24050.305217:     414854                0               0                0
[-01] K     24050.315110:     414888                0               0                0
[-01] K     24050.325017:     414963                0               0                0
[-01] K     24050.334928:     414911                0               0                0
[-01] K     24050.344796:     414777                0               0                0
[-01] K     24050.354726:     414989                0               0                0
[-01] K     24050.364579:     414849                0               0                0
[-01] K     24050.374385:     414942                0               0                0
[-01] K     24050.384196:     416457                0               0                0
[-01] K     24050.394095:     417317                0               0                0
[-01] K     24050.403984:     417848                0               0                0
[-01] K     24050.413899:     417530                0               0                0
[-01] K     24050.423777:     417667                0               0                0
[-01] K     24050.433709:     417848                0               0                0
[-01] K     24050.443578:     417461                0               0                0
[-01] K     24050.453452:     417678                0               0                0
[-01] K     24050.463342:     418261                0               0                0
[-01] K     24050.473300:     418235                0               0                0
[-01] K     24050.483355:     417807                0               0                0
[-01] K     24050.493196:     415691                0               0                0
[-01] K     24050.503086:     416618                0               0                0
[-01] K     24050.512940:     416976                0               0                0
[-01] K     24050.522821:     416844                0               0                0
[-01] K     24050.532663:     417491                0               0                0
[-01] K     24050.542588:     417781                0               0                0
[-01] K     24050.552439:     417854                0               0                0
[-01] K     24050.562319:     418168                0               0                0
[-01] K     24050.572193:     418625                0               0                0
[-01] K     24050.582139:     418770                0               0                0
[-01] K     24050.592040:     418577                0               0                0
[-01] K     24050.601940:     418548                0               0                0
[-01] K     24050.611889:     418548                0               0                0
[-01] K     24050.621769:     418266                0               0                0
[-01] K     24050.631646:     418424                0               0                0
[-01] K     24050.641552:     418490                0               0                0
[-01] K     24050.651458:     418625                0               0                0
[-01] K     24050.661352:     418495                0               0                0
[-01] K     24050.671229:     418680                0               0                0
[-01] K     24050.681144:     418938                0               0                0
[-01] K     24050.691055:     419131                0               0                0
[-01] K     24050.700959:     418616                0               0                0
[-01] K     24050.710923:     418484                0               0                0
[-01] K     24050.720862:     417894                0               0                0
[-01] K     24050.730611:     417840                0               0                0
[-01] K     24050.740318:     419250                0               0                0
[-01] K     24050.750080:     421173                0               0                0
[-01] K     24050.759916:     423192                0               0                0
[-01] K     24050.769783:     423613                0               0                0
[-01] K     24050.779600:     424359                0               0                0
[-01] K     24050.789484:     424852                0               0                0
[-01] K     24050.799353:     425915                0               0                0
[-01] K     24050.809268:     425914                0               0                0
[-01] K     24050.819082:     425923                0               0                0
[-01] K     24050.828957:     426755                0               0                0
[-01] K     24050.838961:     427185                0               0                0
[-01] K     24050.848861:     425799                0               0                0
[-01] K     24050.858781:     425912                0               0                0
[-01] K     24050.868690:     425680                0               0                0
[-01] K     24050.878620:     425574                0               0                0
[-01] K     24050.888702:     425368                0               0                0
[-01] K     24050.898838:     423910                0               0                0
[-01] K     24050.920041:     421126                0               0                0
[-01] K     24050.933792:     319512                0               0                0
[-01] K     24050.949329:     284288                0               0                0
[-01] K     24050.965753:     240620                0               0                0
[-01] K     24050.980294:     199285                0               0                0
[-01] K     24050.993016:     179104                0               0                0
[-01] K     24051.008829:     165885                0               0                0
[-01] K     24051.023605:     144320                0               0                0
[-01] K     24051.036970:     122839                0               0                0
[-01] K     24051.054717:     114259                0               0                0
[-01] K     24051.067765:      92697                0               0                0
[-01] K     24051.083182:      85763                0               0                0
[-01] K     24051.086510:      74078                0               0                0
[-01] K     24051.088476:      72861                0               0                0
[-01] K     24051.090949:      90861                0               0                0
[-01] K     24051.095440:     165675                0               0                0
[-01] K     24051.101598:     245145                0               0                0
[-01] K     24051.109318:     306484                0               0                0
[-01] K     24051.118454:     344676                0               0                0
[-01] K     24051.127603:     365293                0               0                0
[-01] K     24051.136267:     367283                0               0                0
[-01] K     24051.145153:     377741                0               0                0
[-01] K     24051.154400:     392229                0               0                0
[-01] K     24051.163734:     398648                0               0                0
[-01] K     24051.173180:     404116                0               0                0
[-01] K     24051.182685:     410688                0               0                0
[-01] K     24051.192250:     414489                0               0                0
[-01] K     24051.201875:     417673                0               0                0
[-01] K     24051.211604:     421993                0               0                0
[-01] K     24051.221403:     423485                0               0                0
[-01] K     24051.231197:     425586                0               0                0
[-01] K     24051.240996:     426247                0               0                0
[-01] K     24051.250839:     427020                0               0                0
[-01] K     24051.260685:     428187                0               0                0
[-01] K     24051.270532:     428810                0               0                0
[-01] K     24051.280422:     429562                0               0                0
[-01] K     24051.290329:     429734                0               0                0
[-01] K     24051.300295:     429903                0               0                0
[-01] K     24051.310467:     428867                0               0                0
[-01] K     24051.320565:     426075                0               0                0
[-01] K     24051.330656:     423929                0               0                0
[-01] K     24051.340588:     421844                0               0                0
[-01] K     24051.350553:     420916                0               0                0
[-01] K     24051.360474:     420484                0               0                0
[-01] K     24051.370346:     419955                0               0                0
[-01] K     24051.380176:     420586                0               0                0
[-01] K     24051.390050:     420925                0               0                0
[-01] K     24051.399903:     421654                0               0                0
[-01] K     24051.409859:     421797                0               0                0
[-01] K     24051.419743:     421631                0               0                0
[-01] K     24051.429649:     421601                0               0                0
[-01] K     24051.439571:     421609                0               0                0
[-01] K     24051.449482:     421661                0               0                0
[-01] K     24051.459367:     421388                0               0                0
[-01] K     24051.469276:     421426                0               0                0
[-01] K     24051.479223:     421569                0               0                0
[-01] K     24051.489106:     421128                0               0                0
[-01] K     24051.498950:     421343                0               0                0
[-01] K     24051.509052:     421810                0               0                0
[-01] K     24051.518917:     419286                0               0                0
[-01] K     24051.528776:     419824                0               0                0
[-01] K     24051.538642:     419938                0               0                0
[-01] K     24051.548555:     420675                0               0                0
[-01] K     24051.558435:     420859                0               0                0
[-01] K     24051.568352:     420857                0               0                0
[-01] K     24051.578275:     420748                0               0                0
[-01] K     24051.588232:     420639                0               0                0
[-01] K     24051.598137:     419835                0               0                0
[-01] K     24051.608097:     420030                0               0                0
[-01] K     24051.618054:     419691                0               0                0
[-01] K     24051.627949:     419067                0               0                0
[-01] K     24051.637867:     418734                0               0                0
[-01] K     24051.647770:     418670                0               0                0
[-01] U     24051.657714:     418605                0               0                0
[-01] K     24051.667597:     418226                0               0                0
[-01] K     24051.677506:     418121                0               0                0
[-01] K     24051.687388:     418309                0               0                0
[-01] K     24051.697328:     418547                0               0                0
[-01] K     24051.707257:     418177                0               0                0
[-01] K     24051.717153:     418088                0               0                0
[-01] K     24051.727086:     417938                0               0                0
[-01] K     24051.736962:     417667                0               0                0
[-01] K     24051.746871:     417702                0               0                0
[-01] K     24051.756772:     417708                0               0                0
[-01] K     24051.766725:     417630                0               0                0
[-01] K     24051.776624:     417218                0               0                0
[-01] K     24051.786488:     416880                0               0                0
[-01] K     24051.796387:     417575                0               0                0
[-01] K     24051.806374:     417620                0               0                0
[-01] K     24051.816252:     416613                0               0                0
[-01] K     24051.826194:     416823                0               0                0
[-01] K     24051.836101:     416481                0               0                0
[-01] K     24051.846027:     416537                0               0                0
[-01] K     24051.855917:     416146                0               0                0
[-01] K     24051.865818:     416176                0               0                0
[-01] K     24051.875777:     416295                0               0                0
[-01] K     24051.885672:     415769                0               0                0
[-01] K     24051.895541:     415821                0               0                0
[-01] K     24051.905468:     416120                0               0                0
[-01] K     24051.925539:     416130                0               0                0
[-01] K     24051.938425:     319056                0               0                0
[-01] K     24051.954116:     294164                0               0                0
[-01] K     24051.970221:     252046                0               0                0
[-01] K     24051.986092:     207573                0               0                0
[-01] K     24051.998514:     178856                0               0                0
[-01] K     24052.012868:     168176                0               0                0
[-01] K     24052.029366:     151265                0               0                0
[-01] K     24052.042384:     121709                0               0                0
[-01] K     24052.057774:     113093                0               0                0
[-01] K     24052.071949:      95950                0               0                0
[-01] K     24052.087851:      87853                0               0                0
[-01] K     24052.093554:      76208                0               0                0
[-01] K     24052.095671:      77650                0               0                0
[-01] K     24052.098009:      84793                0               0                0
[-01] K     24052.102176:     153287                0               0                0
[-01] K     24052.108090:     233841                0               0                0
[-01] K     24052.115765:     287611                0               0                0
[-01] K     24052.123961:     325394                0               0                0
[-01] K     24052.132764:     350606                0               0                0
[-01] K     24052.141601:     360529                0               0                0
[-01] K     24052.150651:     374302                0               0                0
[-01] K     24052.159926:     382552                0               0                0
[-01] K     24052.169304:     388785                0               0                0
[-01] K     24052.178862:     395703                0               0                0
[-01] K     24052.188453:     399002                0               0                0
[-01] K     24052.198023:     401439                0               0                0
[-01] K     24052.207711:     406162                0               0                0
[-01] K     24052.217438:     408342                0               0                0
[-01] K     24052.227221:     410696                0               0                0
[-01] K     24052.246859:     412695                0               0                0
[-01] K     24052.256694:     413723                0               0                0
[-01] K     24052.266600:     414475                0               0                0
[-01] K     24052.276494:     415027                0               0                0
[-01] K     24052.286393:     414510                0               0                0
[-01] K     24052.296283:     414821                0               0                0
[-01] K     24052.306197:     414697                0               0                0
[-01] K     24052.316060:     414699                0               0                0
[-01] K     24052.325948:     414952                0               0                0
[-01] K     24052.335852:     415252                0               0                0
[-01] K     24052.345711:     415172                0               0                0
[-01] K     24052.355573:     415743                0               0                0
[-01] K     24052.365506:     416001                0               0                0
[-01] K     24052.375392:     415805                0               0                0
[-01] K     24052.385235:     416051                0               0                0
[-01] K     24052.395094:     416761                0               0                0
[-01] K     24052.404921:     417136                0               0                0
[-01] K     24052.414892:     417774                0               0                0
[-01] K     24052.424741:     417231                0               0                0
[-01] K     24052.434615:     417612                0               0                0
[-01] K     24052.444483:     418238                0               0                0
[-01] K     24052.454436:     418422                0               0                0
[-01] K     24052.464324:     418103                0               0                0
[-01] K     24052.474199:     418006                0               0                0
[-01] K     24052.484117:     418494                0               0                0
[-01] K     24052.494018:     418663                0               0                0
[-01] K     24052.503833:     418379                0               0                0
[-01] K     24052.513739:     419165                0               0                0
[-01] K     24052.523654:     419419                0               0                0
[-01] K     24052.533738:     419039                0               0                0
[-01] K     24052.543579:     416991                0               0                0
[-01] K     24052.553500:     417656                0               0                0
[-01] U     24052.563384:     417979                0               0                0
[-01] K     24052.573250:     417849                0               0                0
[-01] K     24052.583135:     418326                0               0                0
[-01] K     24052.593043:     418475                0               0                0
[-01] K     24052.602945:     418359                0               0                0
[-01] K     24052.612848:     418430                0               0                0
[-01] K     24052.622743:     418334                0               0                0
[-01] K     24052.632633:     418434                0               0                0
[-01] K     24052.642488:     418343                0               0                0
[-01] K     24052.652405:     418914                0               0                0
[-01] K     24052.662327:     418893                0               0                0
[-01] K     24052.672244:     419029                0               0                0
[-01] U     24052.682139:     418527                0               0                0
[-01] K     24052.692033:     418776                0               0                0
[-01] K     24052.701963:     418717                0               0                0
[-01] K     24052.711863:     418417                0               0                0
